800	22967	22967	100
800	22967	22967	100
800	22967	22967	100
800	22968	22968	100
800	22968	22968	100
800	22967	22967	100
800	22968	22968	100
800	22967	22967	100
800	22967	22967	100
800	22967	22967	100
800	22967	22967	100
800	22967	22967	100
800	22967	22967	100
800	22968	22968	100
800	22967	22967	100
800	22967	22967	100
800	22968	22968	100
800	22968	22968	100
800	22967	22967	100
800	22967	22967	100
800	22967	22967	100
800	22968	22968	100
800	22967	22967	100
800	22967	22967	100
800	22968	22968	100
800	22967	22967	100
800	22967	22967	100
800	22968	22968	100
800	22967	22967	100
800	22967	22967	100
800	22968	22968	100
800	22967	22967	100
800	22968	22968	100
1000	28664	28664	100
1000	28663	28663	100
1000	28663	28663	100
1000	28663	28663	100
1000	28663	28663	100
1000	28663	28663	100
1000	28663	28663	100
1000	28663	28663	100
1000	28664	28664	100
1000	28664	28664	100
1000	28664	28664	100
1000	28664	28664	100
1000	28664	28664	100
1000	28663	28663	100
1000	28664	28664	100
1000	28664	28664	100
1000	28663	28663	100
1000	28663	28663	100
1000	28663	28663	100
1000	28664	28664	100
1000	28664	28664	100
1000	28663	28663	100
1000	28663	28663	100
1000	28664	28664	100
1000	28663	28663	100
1000	28663	28663	100
1000	28664	28664	100
1000	28663	28663	100
1000	28676	28676	100
1000	28676	28676	100
1000	28663	28663	100
1000	28664	28664	100
1000	28663	28663	100
3000	86494	86494	100
3000	86494	86494	100
3000	86494	86494	100
3000	86506	86506	100
3000	86506	86506	100
3000	86507	86507	100
3000	86493	86493	100
3000	86494	86494	100
3000	86494	86494	100
3000	86481	86481	100
3000	86481	86481	100
3000	86481	86481	100
3000	86481	86481	100
3000	86481	86481	100
3000	86481	86481	100
3000	86481	86481	100
3000	86481	86481	100
3000	86481	86481	100
3000	86494	86494	100
3000	86494	86494	100
3000	86494	86494	100
3000	86494	86494	100
3000	86494	86494	100
3000	86494	86494	100
3000	86493	86493	100
3000	86494	86494	100
3000	86494	86494	100
3000	86507	86507	100
3000	86506	86506	100
3000	86507	86507	100
3000	86493	86493	100
3000	86494	86494	100
3000	86493	86493	100
5000	147539	147524	99.9898
5000	147539	147524	99.9898
5000	147540	147524	99.9892
5000	147537	147537	100
5000	147537	147537	100
5000	147537	147537	100
5000	147524	147524	100
5000	147537	147537	100
5000	147537	147537	100
5000	147525	147525	100
5000	147525	147525	100
5000	147524	147524	100
5000	147524	147524	100
5000	147524	147524	100
5000	147525	147525	100
5000	147524	147524	100
5000	147524	147524	100
5000	147537	147537	100
5000	147528	147499	99.9803
5000	147528	147499	99.9803
5000	147524	147499	99.9831
5000	147537	147537	100
5000	147537	147537	100
5000	147537	147537	100
5000	147528	147498	99.9797
5000	147532	147499	99.9776
5000	147532	147499	99.9776
5000	147537	147537	100
5000	147550	147550	100
5000	147537	147537	100
5000	147539	147537	99.9986
5000	147540	147537	99.998
5000	147541	147537	99.9973
7000	204062	204062	100
7000	204062	204062	100
7000	204075	204075	100
7000	204046	204011	99.9828
7000	204045	204023	99.9892
7000	204045	204023	99.9892
7000	204037	204037	100
7000	204036	204036	100
7000	204036	204036	100
7000	204003	203959	99.9784
7000	204005	203972	99.9838
7000	203998	203959	99.9809
7000	204023	204023	100
7000	204023	204023	100
7000	204023	204023	100
7000	204010	204010	100
7000	204011	204011	100
7000	204011	204011	100
7000	204026	203984	99.9794
7000	204029	203985	99.9784
7000	204030	203985	99.9779
7000	204037	204010	99.9868
7000	204041	204011	99.9853
7000	204033	203997	99.9824
7000	204036	204036	100
7000	204036	204036	100
7000	204037	204037	100
7000	204036	204036	100
7000	204036	204036	100
7000	204037	204037	100
7000	204032	203998	99.9833
7000	204043	204010	99.9838
7000	204034	203998	99.9824
9000	249616	249514	99.9591
9000	249612	249502	99.9559
9000	249611	249502	99.9563
9000	249599	249463	99.9455
9000	249601	249450	99.9395
9000	249609	249451	99.9367
9000	249613	249399	99.9143
9000	249615	249387	99.9087
9000	249621	249399	99.9111
9000	249575	249105	99.8117
9000	249576	249118	99.8165
9000	249578	249105	99.8105
9000	249576	249322	99.8982
9000	249571	249323	99.9006
9000	249570	249322	99.9006
9000	249578	249297	99.8874
9000	249579	249284	99.8818
9000	249579	249284	99.8818
9000	249603	249476	99.9491
9000	249617	249489	99.9487
9000	249605	249463	99.9431
9000	249600	249272	99.8686
9000	249600	249246	99.8582
9000	249599	249245	99.8582
9000	249613	248900	99.7144
9000	249604	248875	99.7079
9000	249615	248900	99.7136
9000	249603	249310	99.8826
9000	249607	249310	99.881
9000	249608	249310	99.8806
9000	249615	249233	99.847
9000	249616	249221	99.8418
9000	249617	249233	99.8462
10000	293535	293239	99.8992
10000	293536	293226	99.8944
10000	293536	293226	99.8944
10000	293538	293227	99.8941
10000	293539	293227	99.8937
10000	293528	293214	99.893
10000	293603	293317	99.9026
10000	293604	293316	99.9019
10000	293604	293303	99.8975
10000	293497	293239	99.9121
10000	293499	293240	99.9118
10000	293499	293239	99.9114
10000	293488	293304	99.9373
10000	293489	293303	99.9366
10000	293491	293304	99.9363
10000	293501	293009	99.8324
10000	293502	293009	99.832
10000	293503	293022	99.8361
10000	293575	293303	99.9073
10000	293576	293303	99.907
10000	293577	293316	99.9111
10000	293527	293303	99.9237
10000	293528	293303	99.9233
10000	293535	293316	99.9254
10000	293522	293290	99.921
10000	293524	293278	99.9162
10000	293525	293304	99.9247
10000	293553	293060	99.8321
10000	293555	293060	99.8314
10000	293555	293060	99.8314
10000	293550	293342	99.9291
10000	293550	293354	99.9332
10000	293564	293368	99.9332
13000	385315	383236	99.4604
13000	385319	383249	99.4628
13000	385320	383236	99.4592
13000	385328	383352	99.4872
13000	385331	383364	99.4895
13000	385333	383390	99.4958
13000	385328	383441	99.5103
13000	385330	383403	99.4999
13000	385331	383403	99.4997
13000	385299	382725	99.3319
13000	385301	382699	99.3247
13000	385304	382724	99.3304
13000	385277	382865	99.374
13000	385278	382877	99.3768
13000	385281	382865	99.3729
13000	385281	383070	99.4261
13000	385290	383082	99.4269
13000	385293	383096	99.4298
13000	385324	384145	99.694
13000	385329	384145	99.6927
13000	385330	384145	99.6925
13000	385339	382852	99.3546
13000	385340	382813	99.3442
13000	385346	382827	99.3463
13000	385289	383198	99.4573
13000	385289	383159	99.4472
13000	385291	383172	99.45
13000	385328	383096	99.4208
13000	385331	383095	99.4197
13000	385333	383121	99.426
13000	385330	382443	99.2508
13000	385329	382429	99.2474
13000	385335	382443	99.2495
20000	593996	482513	81.2317
20000	593998	482513	81.2314
20000	593999	482513	81.2313
20000	594028	479121	80.6563
20000	594030	479121	80.656
20000	594032	479121	80.6558
20000	594030	484164	81.505
20000	594034	484164	81.5044
20000	594035	484164	81.5043
20000	593966	478276	80.5225
20000	593967	478276	80.5223
20000	593969	478276	80.522
20000	593868	484651	81.6092
20000	593869	484650	81.6089
20000	593873	484651	81.6085
20000	594024	475959	80.1245
20000	594026	475960	80.1244
20000	594026	475959	80.1243
20000	593941	479236	80.6875
20000	593943	479249	80.6894
20000	593943	479249	80.6894
20000	593849	480414	80.8983
20000	593849	480413	80.8982
20000	593853	480414	80.8978
20000	594031	474437	79.8674
20000	594034	474437	79.867
20000	594035	474436	79.8667
20000	594028	474923	79.9496
20000	594028	474923	79.9496
20000	594030	474923	79.9493
20000	593989	482014	81.1486
20000	593991	482013	81.1482
20000	593993	482014	81.1481
30000	890420	482167	54.1505
30000	890426	482180	54.1516
30000	890429	482180	54.1514
30000	890438	477495	53.6247
30000	890440	477508	53.6261
30000	890442	477508	53.626
30000	890337	478827	53.7804
30000	890339	478826	53.7802
30000	890342	478827	53.7801
30000	890271	476664	53.5414
30000	890274	476664	53.5413
30000	890275	476663	53.5411
30000	890385	482897	54.2346
30000	890391	482897	54.2343
30000	890394	482910	54.2355
30000	890363	478327	53.7227
30000	890368	478340	53.7239
30000	890371	478341	53.7238
30000	890450	477572	53.6327
30000	890455	477572	53.6324
30000	890459	477572	53.6321
30000	890400	482436	54.1819
30000	890403	482436	54.1818
30000	890408	482449	54.1829
30000	890434	476842	53.5516
30000	890436	476842	53.5515
30000	890438	476842	53.5514
30000	890426	476714	53.5377
30000	890429	476727	53.539
30000	890436	476728	53.5387
30000	890445	483435	54.2914
30000	890447	483434	54.2912
30000	890449	483434	54.291
40000	1180953	477944	40.471
40000	1180958	477943	40.4708
40000	1180961	477956	40.4718
40000	1180894	474116	40.1489
40000	1180897	474116	40.1488
40000	1180902	474116	40.1486
40000	1180897	478609	40.5293
40000	1180900	478609	40.5292
40000	1180903	478609	40.5291
40000	1180688	479390	40.6026
40000	1180690	479402	40.6035
40000	1180697	479402	40.6033
40000	1180826	478519	40.5241
40000	1180828	478519	40.524
40000	1180833	478519	40.5239
40000	1180854	475576	40.2739
40000	1180857	475576	40.2738
40000	1180860	475575	40.2736
40000	1180879	477393	40.4269
40000	1180883	477406	40.4279
40000	1180886	477406	40.4278
40000	1180892	479339	40.5913
40000	1180895	479351	40.5922
40000	1180898	479351	40.5921
40000	1180875	476343	40.3381
40000	1180878	476343	40.338
40000	1180882	476344	40.338
40000	1180927	474116	40.1478
40000	1180930	474116	40.1477
40000	1180933	474116	40.1476
40000	1181039	479159	40.571
40000	1181046	479160	40.5708
40000	1181049	479172	40.5717
